x,y
-7.10553160936823,-0.013802546834334739
-7.185560092342332,0.04620978887715968
-7.265588575316434,0.1062221245886541
-7.345633990538231,0.16624715757385633
-7.425713270289873,0.22629758515285164
-7.505860279152853,0.2863988019188436
-7.586142746316275,0.3466015971045523
-7.666696129501519,0.4070075487788076
-7.747791345791269,0.46781981412180934
-7.829970226687259,0.529444705732359
-7.914316438730596,0.5926948512164842
-8.002997311759492,0.6591955034987077
-8.115201148300788,0.7433359480497741
-8.221308018200661,0.8198684084017775
-8.333629495327486,0.8969923720920241
-8.44588104512532,0.9705812270545697
-8.558086301531926,1.0410038063134777
-8.670323429331361,1.1086148501113837
-8.78264305135461,1.173707366908304
-8.898663978972527,1.238540206608515
-9.066818428380751,1.3285940392342406
-9.178305476888218,1.3851431584203255
-9.289489256728722,1.4415378154171279
-9.405051434232844,1.4969989471837546
-9.517193150165888,1.5508185138653519
-9.633326832985658,1.6039117406364387
-9.74641779063413,1.6556135543873416
-9.863195133896484,1.7067951929298109
-9.977287951136018,1.7568010398260496
-10.094791199019369,1.8064626682747167
-10.209848739735385,1.855090685865905
-10.327035737467993,1.9031224649356493
-10.44402859603462,1.9510745040366726
-10.56264478264147,1.9984772283461851
-10.681260969248319,2.0458799526556977
-10.859047735324307,2.115220350570816
-11.035670886874051,2.1841040839141628
-11.159792644315058,2.2314818073843714
-11.255294387623664,2.2679345190694997
-11.391155364742788,2.3232965414196562
-11.532244174164843,2.373600833609733
-11.632038975366388,2.4113869926460607
-11.7544484635511,2.4580980575473927
-11.876568358986932,2.503937715028658
-11.990821142535044,2.5471673292541994
-12.111250717598795,2.5931344840260313
-12.232207140242837,2.639298635286562
-12.354082893627522,2.6858134510893645
-12.469072161803698,2.72970098903488
-12.646764396896335,2.7988655622714234
-12.824289478049591,2.867965278823033
-12.94030741651724,2.9140772714586114
-13.05626171027639,2.9601619811158835
-13.171559582523464,3.0069536497730684
-13.286857454770537,3.053745318430253
-13.401247707101305,3.101299964631945
-13.514213414303102,3.1482619852395666
-13.626676125265998,3.1963217633445216
-13.737718841919671,3.2437745589159754
-13.848033349579488,3.2923832822080823
-13.956816056997704,3.340318176309568
-14.064640429072071,3.3894699075911054
-14.170906446503267,3.4379108595248273
-14.275966102310464,3.487608467218764
-14.379394394587653,3.5365348116276025
-14.481379995019143,3.586753742410882
-14.581665756569228,3.63613660788311
-14.68033845404726,3.686871750374992
-14.779784387572514,3.7380058384011217
-14.92193800900071,3.8141080817451614
-15.01135971649224,3.8634514339821777
-15.101334820179044,3.914372458609962
-15.189202209760623,3.965406363054223
-15.274854063496376,4.016508858492304
-15.3582322165678,4.06764782376001
-15.439237551339005,4.118770325398194
-15.517839682607345,4.169859221388635
-15.593975899876414,4.220867503396403
-15.667556557268592,4.2717288516950696
-15.738537666894619,4.322400516031609
-15.806875336945025,4.37283225480796
-15.872505537258057,4.422951010834759
-15.935391165937123,4.47270234479034
-15.995501480860801,4.522022397381784
-16.052795579969576,4.570833909759982
-16.107273702148408,4.619085732166773
-16.15892251873239,4.666705265053603
-16.20772425915994,4.713608313263941
-16.253712297181877,4.759750887607533
-16.29691039746771,4.805068208370943
-16.3373382400829,4.849487862832155
-16.37506228892383,4.892977329889285
-16.410142042232557,4.9354904280149885
-16.442644008521658,4.976986232979425
-16.47265492490108,5.0174440767877195
-16.500305912248994,5.056904024887621
-16.525682468882582,5.095343135354467
-16.54890151523538,5.132792629139231
-16.570125032002178,5.169364129090956
-16.58946218221512,5.2051005431682125
-16.607046372241637,5.24010448252305
-16.623020488217037,5.274528187202464
-16.637518856710635,5.308544479507221
-16.650664295581354,5.342348767738838
-16.662569037023953,5.3761688936063825
-16.6733111441755,5.410203992374283
-16.682965587712747,5.444722977243742
-16.691591069369025,5.480037989791913
-16.699204934533007,5.51641970792917
-16.705803186321845,5.5541712941694845
-16.7113492075692,5.593570083737034
-16.7157829905332,5.634931612380959
-16.719016415794183,5.678559850714191
-16.72093091208892,5.724717702903646
-16.721386899357128,5.773721353706647
-16.72022155663707,5.825768482230094
-16.717252433975286,5.88109583222368
-16.71228237723217,5.939937728390643
-16.70510388278328,6.0024432674263455
-16.6954989347445,6.068789209265495
-16.683243983094723,6.13911040905689
-16.668114046659827,6.213518144694069
-16.64988597585374,6.292094453461622
-16.628336836897933,6.374911263866315
-16.603249149282696,6.462017992354494
-16.574419081030214,6.553425081169954
-16.541635821996298,6.649165671983388
-16.504701881190734,6.749255904606567
-16.463441483192057,6.853656743788768
-16.417674836564984,6.962358124279796
-16.367233056627708,7.075336704157706
-16.311952613403257,7.1925719886816495
-16.251692357482924,7.314010935260653
-16.186317110735146,7.439601361897051
-16.13128278124823,7.540671983252851
-16.07448005901336,7.624039528920832
-15.998056084937932,7.7362045812864055
-15.921632112619502,7.848369631073295
-15.810560739644153,8.011385574430768
-15.727492017454473,8.192352531557368
-15.67369646658347,8.309547259498435
-15.637728834333403,8.369179744845374
-15.57998071245198,8.464919557427704
-15.522867806416498,8.561198839501616
-15.470064013231674,8.650210578313814
-15.416429026477063,8.740620145521046
-15.360614613353059,8.834709432340045
-15.305416739924715,8.929151211603745
-15.252354611925679,9.019944611194264
-15.200130576328936,9.109300664194675
-15.144572973141726,9.204361272623563
-15.089610879031788,9.29964995029966
-15.031697186049483,9.385679200557655
-14.984885134412185,9.481226352585498
-14.931729616349923,9.573391700486866
-14.879110583180472,9.665661156417258
-14.826610585459957,9.757719662828778
-14.773994961550091,9.849982149196864
-14.721379337640228,9.942244635564949
-14.644038641525379,10.079503031875284
-14.566948077760303,10.216310832040698
-14.491163000318315,10.350796160108551
-14.412001617695259,10.49127314435993
-14.334435885234734,10.630862448085878
-14.260196601467054,10.764465575446163
-14.185963541376406,10.898057502660937
-14.111730481613213,11.031649429286423
-14.037497421850091,11.16524135591177
-13.967448371466237,11.29130429553951
-13.887661693938131,11.43170791428391
-13.819492858689085,11.557212583390132
-13.736319286602656,11.69965575547259
-13.657132016807187,11.851248101385483
-13.594937160598063,11.963768178982892
-13.522481404130577,12.094851932775606
-13.450026170049997,12.225934741490027
-13.381856419292264,12.349259190031768
-13.303852816793256,12.487477145929804
-13.230281961942808,12.623428986390426
-13.14153153463469,12.78266359893725
-13.046722186538721,12.952769519554622
-12.951777710706079,13.123121495433415
-12.86004974486982,13.287707563819563
-12.792833190677532,13.406697192617193
-12.722372612495155,13.531434955549692
-12.65191659516462,13.656164644586015
-12.584763937274705,13.775048744632866
-12.494808147474416,13.932150207285389
-12.404866493032934,14.089233395178077
-12.315394657514029,14.243373579504647
-12.226504056850192,14.396522949355807
-12.138252576033809,14.546176798634175
-12.050322984255674,14.695284140975284
-11.962988364692425,14.84069735645892
-11.876400702695529,14.984862356667026
-11.790195531051216,15.125406834091322
-11.704790189152828,15.2646479465557
-11.619762792821795,15.40002617691941
-11.535624934477894,15.533985755722133
-11.451847145914174,15.663863551325317
-11.36905617619972,15.792213643047534
-11.28660421005968,15.916283424938863
-11.20392839107311,16.04069006534918
-11.14432767033067,16.127836777783422
-11.082829102042375,16.2177562649301
-11.00465691095414,16.32954595216162
-10.925979156546227,16.43995885402606
-10.848223668861399,16.54693847595912
-10.77145934716733,16.650375991517567
-10.695722524502568,16.750212402988517
-10.62108375931654,16.846365070994636
-10.547651276432234,16.938702141551264
-10.475481804554995,17.027165531008208
-10.404673717073257,17.111670132685326
-10.335356418856387,17.192098747009204
-10.267602293763044,17.268413154979942
-10.201548458900579,17.340528987463586
-10.137348903718333,17.408349855363614
-10.075117134164895,17.471849509590246
-10.015030304919321,17.530954111139568
-9.957247736609219,17.585631352017337
-9.901946660711625,17.635858336234094
-9.849337969972265,17.68160632931348
-9.799582341683765,17.72291742675021
-9.752880889684398,17.75983245059847
-9.709493597023899,17.792374937848816
-9.669614909717291,17.820650228585883
-9.633400975540756,17.844823289980862
-9.60110241295746,17.865026308697605
-9.57288940935968,17.881473150937637
-9.539329744439938,17.885446281257753
-9.509440795621844,17.868080603155676
-9.47427925741645,17.845952667121967
-9.43400644704259,17.818664569680653
-9.388749381806793,17.78581393735845
-9.338681882372493,17.74706049286507
-9.284032286094309,17.70213020199711
-9.224998649311146,17.65076129293798
-9.161817373936241,17.592754691103206
-9.094697720668648,17.527924502367505
-9.023850084672691,17.4561142593116
-8.949486991611135,17.377206823397948
-8.871801302430018,17.291091804290833
-8.790975895254064,17.197680027024013
-8.707183210615812,17.096897867415787
-8.620589940506054,16.988693077696237
-8.531353152145247,16.873021583048242
-8.439593614268121,16.74981629571258
-8.345445222354588,16.619057024444174
-8.297476643105707,16.55022968325294
-8.24902761060101,16.480712123942762
-8.199950406862344,16.408048706138217
-8.150439398241431,16.33474442730097
-8.100317562004378,16.258252869472383
-8.049781816104492,16.181129930475628
-7.998640274436341,16.100771801929152
-7.9471326154126185,16.01983822587449
-7.895031498999585,15.93562872181995
-7.842585899086207,15.850862053856291
-7.789558513079311,15.762786302420318
-7.736201870499647,15.67416051516065
-7.682260341600136,15.582173451990776
-7.628042109606117,15.48971284875565
-7.573249268541002,15.393853808035459
-7.518176359872528,15.297504412896465
-7.473096238231738,15.21666291867261
-7.437092105319994,15.137637098436382
-7.425792106141761,15.112834609897767
-7.422312505557328,15.089726509907894
-7.406331976560998,14.9835994931061
-7.388624158125737,14.865986451900515
-7.370323210150695,14.750977680629173
-7.353521887791623,14.645400679962593
-7.3367216008375715,14.539830186143686
-7.318280149839934,14.42393348970567
-7.299730306948687,14.313840862425485
-7.282925002252446,14.214090520934633
-7.2661169188523544,14.114323686570875
-7.247394136773267,14.003192551223021
-7.22933975020259,13.902213619602684
-7.211725586002301,13.803702987530537
-7.1940774984287135,13.704999094502076
-7.175842806155991,13.60301319710787
-7.139789333583088,13.413536754842008
-7.103471138365391,13.222665841275017
-7.066945598452961,13.042815686928225
-7.030088710563264,12.861330816450952
-6.9929710710468695,12.69066307475703
-6.955441729402,12.51809920169876
-6.917587286173249,12.356156003022564
-6.879207897049749,12.191964038176524
-6.840433383879074,12.038265171096446
-6.801726853594464,11.88483307685702
-6.771183140097822,11.772004354204046
-6.74154205481675,11.66250958930716
-6.69948822659963,11.515160099822513
-6.657407902041459,11.374028996657039
-6.614297794958113,11.235854544194186
-6.569998065669335,11.100383085773972
-6.524321288821124,10.967351950322053
-6.477047150461761,10.836472963239704
-6.427901749093229,10.707412553539797
-6.376570523236249,10.579839061460943
-6.322660996966175,10.45336202635778
-6.2657041630623045,10.327573782645318
-6.205130934484584,10.202034182381684
-6.14024245065443,10.076270166609941
-6.070193027137857,9.949801936865486
-5.993952243076433,9.822153010704605
-5.910288868633037,9.692910317743879
-5.8176934836231835,9.561700943890763
-5.714365776996799,9.428322310565413
-5.598219062557915,9.292857757000743
-5.466870419747576,9.15580186453769
-5.392331148373131,9.0870581166112
-5.317791876998686,9.018314368684711
-5.23336735413589,8.950539740324096
-5.148367213615539,8.882303014413365
-5.05296756938677,8.816962607472915
-4.956330272473451,8.750774508796201
-4.849122954890965,8.689799356985487
-4.740319956919617,8.627916615741379
-4.621260915341477,8.573830704322708
-4.500391781483603,8.518922498297389
-4.370453400066374,8.474550681055765
-4.238752343075541,8.42957692831399
-4.10010340459363,8.397636180608195
-3.9601346687095536,8.365391374122813
-3.816063388409402,8.347961197918842
-3.6715573397891097,8.330478410892054
-3.526215404848675,8.328547740559369
-3.381412748415358,8.326624213793242
-3.239146465739819,8.339819750804928
-3.0983663447030034,8.352877430538651
-2.963109264088776,8.379527013222221
-2.829721644675636,8.405808270120342
-2.7042111457863327,8.443420326557945
-2.5806564559688794,8.48044629336389
-2.466457016687972,8.526189398069748
-2.3539675631574934,8.571247557681742
-2.2515977259054325,8.622408155691556
-2.1502414752452768,8.673062225117135
-2.0592425711743734,8.727410530678881
-1.9685563770149457,8.781572080263224
-1.8070511776975922,8.893502699479427
-1.663462106100266,9.006525242384624
-1.5353925678355929,9.119160707050494
-1.4206033217650942,9.230524493927694
-1.3170540703867362,9.340192469635305
-1.2229992412192228,9.448014210935956
-1.1369392879810813,9.554029692985138
-1.0575839544090855,9.65844007330235
-0.983907295992542,9.761432260464407
-0.9150220424487642,9.86326504844605
-0.8468682106365848,9.969381970970867
-0.7567272624668459,10.11838224834759
-0.7021280363103568,10.215724411228969
-0.6476685469869975,10.312817374256758
-0.5952326546392535,10.413760035062658
-0.5436836258822486,10.512995375521134
-0.49433681979950905,10.614676906909468
-0.44575941550057413,10.714772784027547
-0.39872205863161525,10.817751141983576
-0.3524178964318377,10.919123845895797
-0.30715591042388035,11.023743039187998
-0.262586773438611,11.126760133398749
-0.21866378581090237,11.233354190659927
-0.17547037888525285,11.338179172734542
-0.13258414470826435,11.446923735420208
-0.09046573641580603,11.553725934096454
-0.04846035503243036,11.66453189156747
-0.007114986519109703,11.773600588549874
0.033946627348444,11.88585630243803
0.074933298161302,11.997906850661233
0.11568041551638719,12.112929531517583
0.15596534197638134,12.226657963551682
0.1962814151034241,12.343813777010059
0.23618665534546746,12.45977772171913
0.2761612082247873,12.578997182534716
0.3157872752275074,12.697185343536928
0.3554950674745907,12.818397802852783
0.3949023591821116,12.938694592513754
0.43447753521650934,13.06203674546768
0.4740810932239341,13.185470939533642
0.5326507499894794,13.3721758638408
0.5915051632667361,13.559793661417244
0.6317959914106706,13.6915824769509
0.6696459880317557,13.815395915923693
0.7083864583161421,13.94210964942425
0.7474008811800595,14.06972026160745
0.7866890635105603,14.201131448461974
0.8257110172258183,14.331652988839803
0.8643109395976101,14.460748167541572
0.9035069839139408,14.59183277607987
0.9430087369096809,14.725956399785142
0.9819312862160811,14.858109141744153
1.0204882399672919,14.989013824049165
1.0261051390131302,15.008084914742513
1.0568055346573089,15.080094485300188
1.1154041279662075,15.217540942864419
1.1397759911669172,15.363760801136426
1.1523662636926089,15.439296572721133
1.17652583309789,15.521944487824165
1.207025396296639,15.62501518086295
1.2370153382549671,15.728889868350548
1.2612085730506912,15.811838488656871
1.3104010319837396,15.945562305780134
1.3844947729100916,16.1063742524811
1.4051498997753342,16.217170522965834
1.4235259422104112,16.315741546954467
1.4497595113626969,16.4564611620522
1.4606871820579037,16.493807219161432
1.509650786633517,16.633657736776183
1.5275761860362471,16.709577094906237
1.5856179163177044,16.859229898815283
1.6081836224707728,16.966718917831567
1.6282367515655085,17.062239590296937
1.6567275489518998,17.158395875979316
1.6884768609505596,17.26554939348066
1.7281440711143266,17.397149287548803
1.7680161522205196,17.52942861530886
1.8085599824208678,17.663945568948968
1.8469516811509932,17.791316251533104
1.8857498786905142,17.917089569650837
1.9267278766647769,18.049923119983635
1.9677160473043438,18.18278964706064
2.006243417581346,18.307681151979494
2.034753440426314,18.39777194542163
2.065800258329761,18.49588078964218
2.0964211654761122,18.59264871588797
2.1257194884390884,18.685244629796358
2.1652440338275944,18.80748779606128
2.20394570784,18.927181612314914
2.246191770914657,19.050479857083726
2.2853083143561514,19.17411457512563
2.324132993896196,19.28949297154708
2.3637781034272054,19.40731301425684
2.403542917023741,19.522818344289714
2.443034640655938,19.637535979238688
2.479618393329918,19.565969087313704
2.506442551589979,19.473885273394817
2.5333751105384095,19.381423795402004
2.587652421723035,19.190411530944584
2.6149830145157424,19.091840993982114
2.642401193031025,18.992945704214222
2.6699773509847144,18.891097923091596
2.697175248110001,18.790641125768584
2.7393496033452984,18.630240400670353
2.780872250985147,18.472319963926587
2.8079227617661884,18.365300814553883
2.8376591654944705,18.247649420971207
2.867398871918911,18.129984960548043
2.894284849618635,18.023617409701885
2.9214976261467984,17.911160378604087
2.951461226492924,17.78734267542995
2.9814205621145278,17.66354259565129
3.0088428617642524,17.550221467209305
3.036590283458914,17.430674694813003
3.066774295681075,17.30062473953957
3.0969582621961615,17.170574981229976
3.1248833178552937,17.0502679818401
3.1531092465803314,16.923654371234257
3.1835237559675806,16.78723470901738
3.21393336577018,16.650837023850976
3.2423178941828046,16.52351995182759
3.2710080069772496,16.389751395845963
3.3016395786299824,16.24692784562571
3.332275549001131,16.104083786405035
3.361096776198626,15.969711488325714
3.3902022587138885,15.828824315426752
3.421078396533574,15.679377505353882
3.451467144260735,15.532303478868807
3.481583335515329,15.386549708241382
3.518670792788016,15.202081081633686
3.555914644401384,15.016826360925675
3.5936879217267115,14.828957227398622
3.625381331986265,14.671326914869148
3.6570747421736236,14.513696602698737
3.688768152360982,14.356066290528325
3.7189418847683706,14.205994246235084
3.7491156171541977,14.055922202049082
3.7792893495400257,13.905850157863076
3.809083162481384,13.757667680645133
3.8388769754165804,13.609485203457849
3.8686707883517757,13.461302726270565
3.898369621425945,13.313592640825275
3.928068454498411,13.165882555388455
3.957767287570877,13.018172469951635
3.9874423756781034,12.870580482450357
4.017117463784867,12.72298849495138
4.046792551891631,12.575396507452403
4.076461703757084,12.427834044437349
4.106130855622417,12.280271581422895
4.135800007487749,12.132709118408446
4.165467675292764,11.985154036514949
4.195135343097737,11.837598954621656
4.2248030109027095,11.690043872728362
4.254470307692592,11.542490636115343
4.284137604482474,11.394937399502327
4.313804901272357,11.247384162889308
4.3434721053084795,11.099831387596335
4.373139309344589,10.952278612303418
4.4028065133807,10.804725837010487
4.432473694228366,10.657173177047575
4.462140875076033,10.509620517084663
4.491808055923699,10.362067857121751
4.521475230974255,10.214515225991343
4.551142406024811,10.066962594860936
4.580809581075366,9.919409963730528
4.610476754676644,9.771857339808246
4.640143928277923,9.624304715885964
4.669811101879201,9.476752091963682
4.69947827511816,9.329199469843433
4.729145448357119,9.181646847723183
4.758812621596078,9.034094225602932
4.788479794744457,8.886541603933189
4.818146967892836,8.738988982263447
4.847814141041214,8.591436360593704
4.877481314166947,8.44388373903659
4.90714848729268,8.296331117479475
4.9368156604184135,8.148778495922361
4.966482833538485,8.001225874393402
4.996150006658557,7.853673252864446
5.025817179778629,7.706120631335491
5.055484352897286,7.5585680098135715
5.085151526015943,7.411015388291652
5.114818699134599,7.263462766769733
5.144485872252901,7.115910145249573
5.174153045371205,6.968357523729412
5.203820218489508,6.820804902209255
5.2334873916077225,6.673252280689535
5.263154564725934,6.525699659169817
5.29282173784415,6.378147037650095
5.322488910962343,6.2305944161304865
5.352156084080532,6.083041794610879
5.381823257198727,5.935489173091265
5.411490430316913,5.7879365515716845
5.441157603435101,5.640383930052102
5.470824776553288,5.492831308532519
5.500491949671473,5.345278687012946
5.530159122789657,5.19772606549337
5.559826295907843,5.050173443973795
5.589493469026028,4.902620822454221
5.619160642144213,4.755068200934648
5.648827815262399,4.607515579415075
5.678494988380583,4.459962957895502
5.713904797391832,4.606243724587195
5.749314606403081,4.752524491278889
5.784724415414329,4.898805257970583
5.820134224425577,5.045086024662276
5.855544033436826,5.191366791353971
5.8909538424480745,5.337647558045666
5.926363651459323,5.483928324737361
5.961773460470573,5.63020909142906
5.997183269481823,5.776489858120756
6.032593078493073,5.922770624812458
6.068002887504327,6.069051391504174
6.103412696515581,6.21533215819589
6.138822505526835,6.3616129248876065
6.174232314538106,6.507893691579392
6.209642123549376,6.654174458271178
6.245051932560647,6.800455224962963
6.280461741571984,6.946735991655025
6.315871550583322,7.093016758347087
6.351281359594659,7.239297525039144
6.386691168606265,7.385578291732316
6.42210097761787,7.531859058425484
6.457510786629475,7.678139825118652
6.492920595642151,7.824420591816243
6.528330404654827,7.970701358513834
6.563740213667503,8.116982125211425
6.599150022684462,8.263262891926708
6.634559831701421,8.409543658641992
6.66996964071838,8.555824425357276
6.70537944975247,8.702105192143332
6.740789258786559,8.848385958929386
6.776199067820649,8.99466672571544
6.811608876923263,9.140947492784576
6.847018686025876,9.287228259853714
6.882428495128491,9.433509026922852
6.917838304505206,9.57978979512432
6.95324811388192,9.726070563325788
6.988657923258636,9.872351331527256
7.024067733731752,10.018632104258046
7.059477544204869,10.164912876988838
7.094887354677986,10.31119364971963
7.13029716953671,10.457474440567719
7.165706984395434,10.603755231415807
7.201116799254158,10.750036022263895
7.23652663165531,10.896316885581165
7.271936464056462,11.042597748898434
7.307346296457614,11.188878612215705
7.342756199028486,11.335159765409744
7.3781661015993425,11.481440918603719
7.413576004170207,11.627722071797718
7.4489861874199255,11.774004384498625
7.484396370669644,11.920286697199531
7.519806553919362,12.066569009900439
7.555217859884512,12.212855960629094
7.590629165849619,12.359142911357578
7.626040471814727,12.505429862086062
7.661456268641551,12.65173536492546
7.696872065468222,12.798040867764197
7.732287862294896,12.944346370602954
7.7677216225683505,13.090726081884815
7.803155382841247,13.237105793164373
7.838589143114142,13.383485504443923
7.874094757173864,13.530162049494212
7.909600371231562,13.676838594536127
7.945105985289257,13.823515139578035
7.9808990144931,13.971379019696613
8.016692043689577,14.119242899784766
8.052485072886054,14.267106779872906
8.08942776266229,14.419720000242565
8.126370452412617,14.572333220505193
8.163313142162943,14.724946440767821
8.204854474206588,14.896557022032125
8.245716483239114,15.065348460580156
8.286297096556119,15.232971764590209
8.31475837420698,15.347513118726331
8.34394860143665,15.46497601951841
8.373616505958656,15.584351537454737
8.400881851708935,15.694063739139056
8.42767831334591,15.79802014604768
8.456960896210024,15.911625562466115
8.48624502928179,16.02523699330797
8.51283971260535,16.12841419786581
8.538959157238569,16.22595745210279
8.567870980326928,16.333928670299635
8.596780143730182,16.4418899561181
8.62267223026156,16.53859118916657
8.648083673017934,16.62977361633441
8.676626088110334,16.732198541646998
8.705166700192423,16.834616996941644
8.7303109397806,16.92485404166952
8.754957983659335,17.00967567145456
8.78314168611181,17.106675703654386
8.811320305552483,17.203658241936868
8.835661703137061,17.28743217959042
8.887309826099244,17.45756902704257
8.938603512775547,17.626535755672116
8.989008822387127,17.78511100885232
9.038988983640278,17.94234584940182
9.088074821561868,18.089471418535215
9.158377676157347,18.006736369750517
9.227335986666576,17.895523649438545
9.29582592553126,17.785070951596524
9.391913663494602,17.633437000822475
9.489962606548579,17.482066103257583
9.591387603082818,17.32952781710562
9.696633585580807,17.175994037922568
9.802712663080595,17.026601379155412
9.866320790408546,16.939632661549275
9.92297623135915,16.864658300764134
10.026596183926937,16.736590115605157
10.148079002591766,16.600156118927973
10.280326236458519,16.46601562670087
10.424228157540105,16.335144156084944
10.50233270098511,16.272014739937443
10.580437244430115,16.208885323789943
10.664765277951743,16.148955384760427
10.749233933112786,16.08892548791833
10.839828047416976,16.033069461808168
10.930558213939578,15.977129536174486
11.027051973339331,15.92640781438478
11.123782088080757,15.875561838377527
11.225506245817277,15.831017520324345
11.32750391892516,15.786353424906519
11.433564140122964,15.74889108452285
11.539810472973635,15.711363006670437
11.648972384478641,15.681735783224346
11.75819026699799,15.652093365003804
11.868967466750169,15.630774960168006
11.979677848682881,15.609469434611912
12.090559882720664,15.596586160059633
12.201248132589743,15.583725409807007
12.310694005937128,15.579069006967934
12.419933457281164,15.574421385124067
12.52658177393461,15.57746891717264
12.629779719543242,15.563742659439722
12.615697036821272,15.40692500114718
12.602471916729083,15.29005152625855
12.58811541838919,15.150703553013376
12.57335172376803,15.007383652556003
12.560698171727013,14.865844202055063
12.548031683120655,14.724170946568915
12.537445362254875,14.584321303765321
12.526847627796723,14.444324196432047
12.518294955341695,14.306146593782623
12.50973499256343,14.16782854297654
12.503181793971812,14.031322557325668
12.496622827702462,13.894678367237656
12.492037145290988,13.75982190783528
12.487446030440372,13.624850843500907
12.484793484680743,13.49163604589996
12.482135968524027,13.358336194587576
12.481382092695844,13.226765933540388
12.480626683273586,13.095122177960919
12.481732595491522,12.965212642936217
12.482839674552444,12.835210666144816
12.485772713223307,12.70693898422812
12.488705986130807,12.578591317230714
12.493429737065373,12.451942004378667
12.498154534833231,12.325246221943805
12.504628964180451,12.200249383974516
12.511107784928019,12.075177955743296
12.519297170894468,11.95180352332029
12.527490738156054,11.828383937266498
12.53735475101245,11.70664636706517
12.547224073976919,11.584867066581694
12.558722391918122,11.464767406824091
12.570227632246931,11.34461138220735
12.583324754040623,11.226121168518144
12.596421916373789,11.107624402372682
12.611074451998167,10.990759879175908
12.625723274640055,10.873914706231442
12.641886422582761,10.758679808297366
12.658048580665216,10.64345467158328
12.675681546941002,10.529842685368367
12.693308615707615,10.416269404619309
12.7123652018803,10.304293195703988
12.73141329955794,10.192357567207134
12.751851457301232,10.082006315481292
12.772278130470628,9.971716815523292
12.79404204086607,9.863017493465307
12.815801668285301,9.754345044753777
12.838856220632433,9.64726331697189
12.86189837244152,9.540236866471025
12.88618903893435,9.434798013787507
12.910464763589667,9.329421007468547
12.93593883974542,9.22562825648898
12.961404610450655,9.121871454887819
12.988018914195571,9.01970835467753
13.014622365944053,8.917588795381025
13.042320250831311,8.817073641178187
13.070007812747049,8.7165949680942
13.098739633492258,8.617716883899087
13.127463546353253,8.518866614114401
13.157176494581478,8.42162856827347
13.186884601083069,8.324406843999014
13.217523785730105,8.228809398806284
13.24816297037714,8.133211953613552
13.311189039389228,7.945289968572532
13.37585402288901,7.760627738214731
13.442046161627427,7.579226948802388
13.509650667704642,7.401076050323255
13.578563019645085,7.22615706266926
13.648662027273694,7.054475711011004
13.719831376636577,6.88602935302695
13.791950984373342,6.720800256118582
13.864918113201146,6.558753082798924
13.938604125210038,6.399919360955406
14.012890021965083,6.244251896653405
14.087668537012195,6.091749336911681
14.16408963611354,5.939848895824204
14.219519524005383,5.832970351845085
14.277013292994754,5.7221131382017925
14.351551289055509,5.583914365121491
14.426566091738033,5.444835075770966
14.50216572861715,5.31021906384203
14.576797837504555,5.177327976980913
14.651603049631978,5.048784234190417
14.725315079655857,4.922120179809817
14.798819122713926,4.7996308518258015
14.871119257329486,4.6791485741993535
14.942856942495165,4.5626364542776265
15.01432860004646,4.446556930521196
15.116223160337416,4.285062300430405
15.216810347729863,4.125639069133805
15.271493275801271,4.040646347503525
15.325697660526814,3.956398335723098
15.42907163351305,3.795726282563445
15.517356064523993,3.4885169550143367
15.399064229851172,3.440282218863969
15.273277685863173,3.390562784057315
15.140046121877495,3.3394383705388515
14.999398432737458,3.2869667064056323
14.851354525974992,3.2331925712641847
14.695910995993032,3.1781485717634608
14.531131496676883,3.1211838878442024
14.449980119677548,3.093612963308195
14.278546388671137,3.0361856752969576
14.104641429347996,2.979377411096401
13.933423016761738,2.9234492058644546
13.765381543390736,2.8704088561836283
13.597171197105473,2.8173144190314714
13.432107689239224,2.766992189539647
13.266879679964813,2.716619216993173
13.104819369543113,2.668921195751866
12.942570936885787,2.621167849824278
12.783510324012466,2.575990946881972
12.62424350903153,2.5307525375564945
12.46811368244804,2.487977296955681
12.311931521029242,2.445186440545738
12.158915407414565,2.4047648259926824
12.005619153246979,2.364268568664329
11.855491350645972,2.3260349413390635
11.705324050915493,2.287789693829548
11.558323344134223,2.251708701256261
11.411062150234894,2.2155666632060944
11.267067443097483,2.181508455278097
11.122820595317823,2.147391217519067
10.981881943386757,2.115273643739978
10.840602660941343,2.0830789433200527
10.702662737082372,2.052785020720948
10.56440355406118,2.0224220757434637
10.429514901039378,1.9938714059665041
10.294205462611439,1.9652293765527484
10.162112226249791,1.938268032655041
10.03000117438691,1.9113030398560877
9.900895329459832,1.8858796723450253
9.771770331054984,1.860450788528381
9.645635974729112,1.836464175229501
9.519482493136167,1.8124720011338515
9.396589422437415,1.7898784952644813
9.274631237190185,1.767453028261045
9.094214116350559,1.735571035487171
8.91543543854962,1.703976437140297
8.805530645913505,1.685499707540529
8.686134095266953,1.6654261738551608
8.566752452175587,1.645355146388655
8.455736211870892,1.6266911365370365
8.35185467557664,1.6100123725228384
8.239549913430109,1.591981850584086
8.128964415630707,1.5742257036555665
8.020594208308792,1.5568245581477274
7.871211305284947,1.5335976259358761
7.7224439218754295,1.5104698603876494
7.560962202822726,1.4865929783192582
7.405228670037235,1.461208858957273
7.263924847003215,1.440210592873968
7.118461163257493,1.4160956285452149
6.986006076188217,1.39528744188894
6.837223239333505,1.3719160311248686
6.659720614801453,1.3422363349120552
6.478273472872822,1.3118997116803848
6.348198520151663,1.2883637627468307
6.217751521263536,1.2647598851854593
6.042353873246591,1.2305419839960061
5.870620577266723,1.1945330562745735
5.6986818133109765,1.155376601639501
5.5252289023505,1.1120290332433727
5.348671304375026,1.0630981595831925
5.167160135389556,1.006717871086318
4.978562660973136,0.9403437179108393
4.8837287726090635,0.9020940509079443
4.7888052696448025,0.8638082541130554
4.635268446311034,0.7933397334209317
4.5196181340504085,0.7347597662811922
4.408437518906428,0.6735679725367609
4.293820135869792,0.6047496002099657
4.175908364796452,0.5271764739729204
4.055080590983752,0.43965331291923504
3.9319691455126993,0.3409293827775724
3.8075870063977937,0.2298170751147569
3.6833525557082436,0.1052932744965739
3.561125965910703,-0.033344418704804465
3.44314734723849,-0.1863257519052159
3.3875441373095843,-0.26979192707403143
3.331940927380678,-0.35325810224284704
3.2810531358841235,-0.4430992966153069
3.2301653443875695,-0.5329404909877667
3.185252994832108,-0.628141649861756
3.1403116041778047,-0.7234043625885263
3.1023915451663067,-0.8226737672753778
3.064465775239747,-0.9219581066165644
3.034256648227092,-1.0236920931822697
3.004057570929273,-1.125392237332399
2.981880079994308,-1.2278742933969309
2.9597208124465983,-1.3302721036066611
2.945487741994106,-1.4317807999389836
2.9312546715416143,-1.533289496271306
2.917741649100527,-1.7315570208808202
2.9177320605124275,-1.922767508668233
2.9294687421682006,-2.1052881933024223
2.9510859437073687,-2.2781333148432568
2.9807880618806166,-2.440957114330299
3.016944421166875,-2.5937997402850024
3.058143623127766,-2.737055065185759
3.1032508945193733,-2.8714145776526863
3.1513385140425867,-2.9975925380623156
3.2016949277445055,-3.1163996637239553
3.2538058098915004,-3.22867485399176
3.3108532591856052,-3.3422989357880706
3.3921550284210276,-3.4911035927350413
3.4465946000722347,-3.5813856132664266
3.5009666339521313,-3.671555645135667
3.5591645726342382,-3.7596369638292013
3.616999452739548,-3.8471688637706127
3.676711051298413,-3.931064302034379
3.736265574560822,-4.014739102015954
3.7977911798275032,-4.096038512947066
3.8591805922300773,-4.177158038389638
3.9227791653495676,-4.257009776173837
3.9862606683333808,-4.3367146969855
4.052313953346043,-4.416166308530316
4.118065450821554,-4.495255042048386
4.185511659655109,-4.573497859502427
4.252348509846432,-4.651034343918508
4.329442005537012,-4.73839266834803
4.386848105003455,-4.802007285991913
4.491918365893608,-4.913249625470489
4.606186333382705,-5.027057532577625
4.723285557677582,-5.136716344466311
4.84303448847364,-5.242096795881232
4.965241169205344,-5.343086362639132
5.089687792852426,-5.439581838736808
5.2161416892841705,-5.531498754745127
5.344363736726016,-5.618776493701564
5.474103264130605,-5.701372644008647
5.605100448667085,-5.779266611872088
5.737102350786832,-5.8524648928300085
5.8698421946789,-5.920988386295252
6.00307874553857,-5.984893811356258
6.136570813560483,-6.044249911637758
6.270072162052107,-6.09914231197363
6.4033766317226,-6.149685072588171
6.536270061871874,-6.195996925278881
6.668563436701482,-6.238217153586636
6.800088025560883,-6.276493699465881
6.930684217565794,-6.310982192950676
7.060207089066325,-6.341844846598051
7.188530313542501,-6.36924887129957
7.315549625093054,-6.393364813896448
7.441167679591177,-6.414363878052744
7.565301115487011,-6.432414283924742
7.687877868850677,-6.44768510009503
7.814294335454369,-6.460913560102927
7.991805029711901,-6.475281257968174
7.993174909166381,-6.481059662553652
7.972915766889685,-6.5796255849589595
7.951546341736024,-6.683593319122022
7.931147827606288,-6.782837322973351
7.908218512026585,-6.894375865913334
7.874205095558583,-7.0651071995761034
7.839776608527454,-7.237902897288382
7.806669931777482,-7.411208129312028
7.773613366569494,-7.584259324942843
7.741854191593061,-7.757701490792609
7.7101425916491255,-7.930903840947459
7.679700896596744,-8.104437602069293
7.649296227217264,-8.277750285027187
7.620133619668818,-8.451379705936892
7.5910183249877345,-8.624724922919288
7.563108483436465,-8.798317946739685
7.535232605316128,-8.97172570197807
7.5085381973878835,-9.145297388473546
7.481878942678024,-9.3186571004857
7.456382631841818,-9.492045109380669
7.430886321005612,-9.66543311827564
7.4065503063966265,-9.838703565749373
7.382213865476766,-10.011960826800914
7.358986454956103,-10.185144714880195
7.3357817038514375,-10.358137481451088
7.313641125046305,-10.531118512137516
7.29152473437935,-10.703882568656098
7.2704538938227286,-10.876533858488033
7.249389458029244,-11.049119178713553
7.2293494070275,-11.221459225943097
7.209320679023567,-11.393723201706697
7.190281643291344,-11.565679833035288
7.171244559908729,-11.737615125181932
7.153169565308001,-11.909236736466662
7.135113385382464,-12.08066283184233
7.117982280733497,-12.251781473244636
7.100859682519969,-12.422845035226052
7.084635914983579,-12.593446686979
7.068412089185961,-12.764014377860152
7.0530748409491,-12.934075650604926
7.037739443934883,-13.104096683732958
7.02324821949037,-13.27363547718797
7.010096374526621,-13.427493422420698
6.986974019405044,-13.611239003632361
6.980259670833094,-13.796122689960072
6.968570968005933,-13.948811696427144
6.955619363932909,-14.118027073823873
6.946504373010556,-14.24586214577772
6.937816146035742,-14.36772586570071
6.928956952672031,-14.492014993772896
6.919878804500558,-14.619384708006947
6.908986714432653,-14.78863016281315
6.89860701877762,-14.949981794398946
6.888229387077539,-15.11130134781403
6.877311560031623,-15.281091716497349
6.8677280627746216,-15.449372129987514
6.858627506166352,-15.609251269275946
6.849529030584616,-15.769093855439104
6.839985413857488,-15.936745331784042
6.831670385431527,-16.102724512090052
6.823747833739482,-16.26085699991624
6.815824403266495,-16.419007029874074
6.807539647237976,-16.58430543733819
6.800373718819723,-16.747747778081326
6.793521524399776,-16.903964896038378
6.786667687374498,-17.060219470826016
6.779528278393356,-17.22297372151234
6.7733914509994415,-17.38365074428893
6.7675039413941445,-17.537788070343698
6.761615692058567,-17.691944767066914
6.755501013291412,-17.85193635771406
6.750282885560775,-18.00963181720247
6.745254692861171,-18.161483813864855
6.740226379134358,-18.313339466993835
6.735025738865954,-18.47035655339084
6.73086199761505,-18.615901818789737
6.719234803568017,-18.77392801229208
6.721760211768775,-18.93422480862113
6.717673739967435,-19.077427464065792
6.713972513065988,-19.226781586616017
6.71029943415632,-19.375196750423154
6.706622643146058,-19.523635263159445
6.703793387895161,-19.637878768715243
6.67495478760826,-19.782775523100042
6.696967137883596,-19.922203077154034
6.693620379003125,-19.999344366750687
6.693861840910028,-20.11112868317248
6.691734200356355,-20.21377269565917
6.689480914674813,-20.3222902122168
6.687227628993271,-20.43080772877443
6.684958200433391,-20.539867264785336
6.671990793843139,-20.680686560756826
6.680269070355665,-20.81889685237622
6.677954542830195,-20.95613430146726
6.675639403725987,-21.09340803950881
6.667264317765278,-21.125269342383216
6.624000377198364,-21.0266409955688
6.579167910976035,-20.928499636630907
6.56250709600015,-20.891292229862
6.542935231508221,-20.839449618704577
6.47738751150411,-20.665824558285657
6.392321264037972,-20.500154787235147
6.365516819573882,-20.44795221444637
6.297153006140723,-20.293951814366906
6.22772451244356,-20.13754781227894
6.152145546466589,-19.965438203459385
6.076487763548644,-19.793143821819697
6.000766367326515,-19.620704355224362
5.925209164387411,-19.448636808201073
5.852688753566357,-19.281657117127555
5.7891418384371915,-19.10967635491408
5.7070674256376,-18.946386412954986
5.634451289059558,-18.77920476449234
5.565497707506093,-18.618747440351022
5.499690630706076,-18.465617735315202
5.4266193352577465,-18.288542879248546
5.350204865034353,-18.11769159114257
5.2886801674861275,-17.973055423812276
5.220973620492389,-17.813883087311588
5.153354243152697,-17.65491647834682
5.086761285383606,-17.498367425212034
5.02268196111607,-17.346238740164534
4.958325972241046,-17.1934624242584
4.89378139466356,-17.040232271224895
4.83791317605425,-16.90759333797197
4.7765557703871835,-16.736905075585973
4.6970143794068235,-16.570118227877018
4.643412355980346,-16.44163902379155
4.612535240901321,-16.367629423617178
4.5951830030853555,-16.302336464578907
4.552000026357472,-16.13984760503827
4.4738787128376325,-16.00490306833605
4.4371194318928575,-15.941406130699177
4.405552789457126,-15.862103063116049
4.341307828837707,-15.712468359977299
4.28810508956659,-15.58276075355706
4.230882133774668,-15.44325277710988
4.173964520785029,-15.304490360163118
4.125547259941848,-15.186451380860891
4.090434866134216,-15.063128324887831
4.02880717538098,-14.948564322691503
3.9960074351287425,-14.867850578449163
3.955107722207984,-14.767204361885078
3.914208004349738,-14.6665581331708
3.8733082864914916,-14.565911904456522
3.8327812097817824,-14.466190090814171
3.807699660655355,-14.404473860314347
3.7546618279238495,-14.243195056434752
3.6793368104960784,-14.0855562959876
3.6429672593087488,-13.995089431089088
3.592379093969694,-13.869254875550897
3.541790994168506,-13.743420483033667
3.5127127963941494,-13.671090421869222
3.4508959632824268,-13.4873849674188
3.3698421319319944,-13.315265635880083
3.3460891449247576,-13.255679575119643
3.30752499484439,-13.158932492767555
3.2567453749156576,-13.021830816105195
3.2002683074916596,-12.88968836831738
3.1610227801213373,-12.790480393303845
3.1155151641608163,-12.677134383161786
3.069861296863018,-12.560734861524487
3.0226272126673925,-12.442983677561545
2.981025505725955,-12.339272614838956
2.9315837133435707,-12.185355057267659
2.8944213395746816,-12.00937126781227
2.8461353762012145,-11.918175523615723
2.797849412827747,-11.826979779419176
2.719104927414545,-11.678258248639056
2.7145947894670672,-11.667182609582339
2.660816066687985,-11.480085307155308
2.614401065872451,-11.390860485354363
2.567986065056917,-11.301635663553418
2.56423485454333,-11.292238644090205
2.5252812020366764,-11.194657220170448
2.486327539968376,-11.09707577229816
2.470055830754999,-11.056314062803754
2.4259871446931784,-10.89626561643948
2.3454009669021203,-10.744683684367976
2.3124349562345032,-10.66300953874506
2.257800502427298,-10.52765801455192
2.2031725145452903,-10.392322509455676
2.147476476025733,-10.254345223152134
2.076885089695641,-10.08177455539189
2.006201314733075,-9.908993443317124
1.9382274769612642,-9.745227597184474
1.8696147485100807,-9.579925322108034
1.8035741207193206,-9.423752742861272
1.73676139178168,-9.265753072085559
1.6723363772161377,-9.116858014402133
1.6069611720201429,-8.965776584978425
1.5437663066379688,-8.823787272547305
1.4794117177958208,-8.679198559132544
1.4169972183433364,-8.543668348105658
1.3531553551213096,-8.405041567300675
1.290977095787095,-8.27544787668468
1.2270086918332574,-8.142124466875012
1.164425254427795,-8.0179127075993
1.1012442521942016,-7.892515277315205
1.052577521172248,-7.800664283580923
1.0041508766815141,-7.709265959753726
0.9356422721559331,-7.58514512352439
0.8673392157997732,-7.4657774941246835
0.7969206191084456,-7.347455488796272
0.7238528933707078,-7.229835155906403
0.6475111681401529,-7.112568121663745
0.5671407552866117,-6.995273724560813
0.4818417458026348,-6.877580743747998
0.3905454975505576,-6.759142012413153
0.2919675784691975,-6.639654876076326
0.1846150701074724,-6.518951463594183
0.0667267755130653,-6.397024026056734
-0.06369746660141035,-6.274170416633407
-0.20885413243426038,-6.151122374499526
-0.2899397937503447,-6.090172922633892
-0.371025455066429,-6.029223470768257
-0.4614068646467216,-5.970098729040378
-0.5523793654883383,-5.910587322354484
-0.6528666648348567,-5.8547767689394705
-0.7545934645667213,-5.798277819814162
-0.8657157346148313,-5.747640163214146
-0.9783890919220074,-5.696295697062533
-1.0998603295432785,-5.653139353324515
-1.2230270648050174,-5.6093806384838745
-1.3536075238138667,-5.576152247399954
-1.4857685709568516,-5.5425216502569254
-1.6231944727661114,-5.521423292367064
-1.7617183042469524,-5.500156363415091
-1.9028188436795075,-5.492710192912966
-2.0441558146208054,-5.48525153238566
-2.1851435457537773,-5.491950655053773
-2.325470220473854,-5.4986183481699715
-2.462489532752681,-5.518771115708456
-2.5982042288062037,-5.5387319883561466
-2.7281275469040698,-5.57064027208394
-2.856224144823488,-5.6020999196488335
-2.976759910512359,-5.643421150106331
-3.095466537092405,-5.684115319060379
-3.2053309417840357,-5.7322916840398355
-3.3139070153218775,-5.779903093434085
-3.4130799744298246,-5.8327028629693
-3.511308056931777,-5.884999594073784
-3.6001740975620913,-5.9404766227165
-3.688746507328859,-5.995770344032774
-3.8480587661843964,-6.109507673906232
-3.9914004367872056,-6.224350251476151
-4.120964028995661,-6.339123230256614
-4.238848899767688,-6.4532075949286805
-4.346928193904883,-6.566349247318962
-4.446831225831488,-6.67853371172377
-4.539973353858848,-6.789928650932371
-4.627539300029984,-6.900777869494679
-4.710533706953557,-7.0113780195593085
-4.789804341678734,-7.1220531501656605
-4.866049574179335,-7.233103674418606
-4.939873219582491,-7.344840312041255
-5.013933434238242,-7.4609292194677
-5.118467838143281,-7.631356865056378
-5.186405208906314,-7.7475447559952695
-5.253560121580445,-7.862394625818279
-5.322347403073228,-7.9855494616745535
-5.388980558460109,-8.104848390381745
-5.457528038301268,-8.232287924845881
-5.524355525398417,-8.356531449678249
-5.593374468249987,-8.4888552881728
-5.660993871505508,-8.61849443556673
-5.730774893820244,-8.755639137200713
-5.799965280436621,-8.891624886697592
-5.871528635250189,-9.035074422492656
-5.942109569373459,-9.176553550501936
-6.015557708586583,-9.326023260668789
-6.088658939839078,-9.474779990041629
-6.135388628261648,-9.571178553144264
-6.177726697597444,-9.658515786256322
-6.274446680656347,-9.817470218112646
-6.338930888808159,-9.990620126856113
-6.379257771576893,-10.07312037258984
-6.4419170033174105,-10.205539559212536
-6.501844188304994,-10.330142639494587
-6.563413414269125,-10.458153768675508
-6.622679573539401,-10.58137714004367
-6.6883043767924715,-10.713293536167482
-6.750889064266298,-10.847925513510909
-6.811300102660166,-10.97349463541343
-6.830854204876775,-11.014501910831468
-6.92546438431757,-11.157550213749248
-6.976445737847705,-11.319676137994156
-6.9946228018049865,-11.357773637454356
-7.040072666546316,-11.453032476973636
-7.085522541594043,-11.548291338094197
-7.130672493396611,-11.642924539728151
-7.174059208305161,-11.733861771974079
-7.219703686696944,-11.828363439331765
-7.26541182595751,-11.922998490143044
-7.313457625159203,-12.021291504443107
-7.3619112256567565,-12.120426667231705
-7.410421771832911,-12.219680897684007
-7.457731258847545,-12.316477325946012
-7.50674244449022,-12.41523851977959
-7.556967961379966,-12.516446282984946
-7.606721788779973,-12.616705691719927
-7.656346894055211,-12.71670853862125
-7.707584497906607,-12.818487840283767
-7.7593748343250315,-12.921363653666045
-7.811165170743457,-13.024239467048325
-7.861653994271741,-13.12453125885429
-7.913647659176831,-13.226397478515857
-7.967406457176154,-13.33172746485687
-8.021718241425608,-13.438135871742588
-8.073216074362982,-13.539025908904618
-8.126128079507675,-13.64132659353969
-8.181876488664829,-13.749105750315664
-8.237081440372444,-13.855829819276051
-8.290611380672,-13.959308552546315
-8.34544877236121,-14.063978691783744
-8.401987829407371,-14.171889565533258
-8.458358077982602,-14.279478864028322
-8.513388643518972,-14.384515069902477
-8.56964461747335,-14.490528005027993
-8.627247174313906,-14.599082445092725
-8.685033479675006,-14.707981912169002
-8.728143694120567,-14.789225844176475
-8.803220934170833,-14.91571738708909
-8.870151423194232,-15.053870128553624
-8.916319680702745,-15.139804807080537
-8.973442774662628,-15.246128817748426
-9.031578802811833,-15.353033187075866
-9.091654367481228,-15.46350269615435
-9.150754645715137,-15.572165722702522
-9.209854923949047,-15.680828749250692
-9.269880352947,-15.789878353600468
-9.329905781944953,-15.898927957950246
-9.391345864084222,-16.01053838403578
-9.449931834790414,-16.11695614161669
-9.509319772528203,-16.22354075382944
-9.571608987250782,-16.335324062378227
-9.633660219416901,-16.446686391992817
-9.693265209561044,-16.553666167205446
-9.753589846651789,-16.66060123427992
-9.81636476397672,-16.77188772709681
-9.87848924326271,-16.88202375181345
-9.939445649464327,-16.99008800244426
-10.001013374000173,-17.097907457300636
-10.063756648010013,-17.207784582636464
-10.125881759277629,-17.316569316616523
-10.188006870545246,-17.425354050596578
-10.250351628180274,-17.533178343720426
-10.31282817991883,-17.641233632139457
-10.37619929507988,-17.750829239393088
-10.43853598103063,-17.85863008794571
-10.501296068062151,-17.96580690329893
-10.564553302333007,-18.07382674702093
-10.627812402015417,-18.181849776240142
-10.690585810784816,-18.2890410256385
-10.753682896715631,-18.395395001722218
-10.817211814617506,-18.50247946582874
-10.88159797278243,-18.611007741089864
-10.943713011992587,-18.715711155179534
-11.006583484297286,-18.820269879841923
-11.070369200136344,-18.92634889313439
-11.134708376342351,-19.033352877131417
-11.197489144197657,-19.137762252011743
-11.260378942639317,-19.240921629052437
-11.32454860462845,-19.346173688948905
-11.388835021262526,-19.451618661370844
-11.451465641634494,-19.55434594424383
-11.514103562545593,-19.65563350741811
-11.578416061715952,-19.759627098301465
-11.643814325759742,-19.865372842353256
-11.705158413669722,-19.964565209819384
-11.766386224989617,-20.0620956616562
-11.831750546682906,-20.166217340858797
-11.895979741467926,-20.268534513511444
-11.958123854440752,-20.36753120882501
-12.020074030596893,-20.4646790040493
-12.084128168001204,-20.565127230387176
-12.149326702688908,-20.667373783341446
-12.209889813516702,-20.76234581324206
-12.270156224655986,-20.85532020395293
-12.335065712374753,-20.955452156076376
-12.39999607774287,-21.05561631567321
-12.459949459458665,-21.148105122074906
-12.51947074288357,-21.238341929775732
-12.58405545232396,-21.336257611046552
-12.648626201999644,-21.434152128502845
-12.707809777601955,-21.523879627268087
-12.76647294072725,-21.61119206997092
-12.832918013580718,-21.55467714314277
-12.798131345496774,-21.39249877849637
-12.763194743482286,-21.22960671921192
-12.729583018067967,-21.072866951103148
-12.696179673072303,-20.921180064955248
-12.661421339009374,-20.763314777691942
-12.626670121954643,-20.605481812260372
-12.593303253832461,-20.453936334211757
-12.560150028301296,-20.307276075661505
-12.525591961747418,-20.154401253731997
-12.49140588128721,-20.003160887992856
-12.457924873976664,-19.855043592235013
-12.424663918283315,-19.711755054159237
-12.390684834795096,-19.565376600462347
-12.356312187716718,-19.417291769982505
-12.323482527447739,-19.275857382250475
-12.29089781518612,-19.139152762028143
-12.256741249237294,-18.995856628918457
-12.222580815738745,-18.852544269749085
-12.190045508898452,-18.716044230820785
-12.157769725906917,-18.584208861982507
-12.123827947570016,-18.445562812310396
-12.089887137808995,-18.30692071860376
-12.057663052195757,-18.175278910959864
-12.02571218949926,-18.04823044043562
-11.991997469196995,-17.914155651997177
-11.958995379965065,-17.782924314197196
-11.926379655771788,-17.65324168044211
-11.894042212089994,-17.52804432060323
-11.861303245942151,-17.40130461147203
-11.827836382949322,-17.27175652003143
-11.796278558317546,-17.149588651461844
-11.765011295715956,-17.03179832951022
-11.731802359427643,-16.90668342523082
-11.698586329935186,-16.78154179605322
-11.667385731889564,-16.66399917599354
-11.636494009914108,-16.550737165820085
-11.603551505690572,-16.429962202721022
-11.571569055832107,-16.31271623951323
-11.539769880963666,-16.196140657576418
-11.50828005429048,-16.083800866175963
-11.476601983887468,-15.970788049869723
-11.443926378686516,-15.854225752729906
-11.413499196010896,-15.745687206487263
-11.383407484420363,-15.64125832092757
-11.351026350479021,-15.528887513632894
-11.318635127564727,-15.4164816936461
-11.2886164568851,-15.312312197598885
-11.25895510870896,-15.212187651677908
-11.226865231225005,-15.103868504592393
-11.194771836301639,-14.995537484200423
-11.165186233025304,-14.895673433895563
-11.135975182834203,-14.79977967623635
-11.10419058623711,-14.695439559930813
-11.072405867505426,-14.591099042648489
-11.043273202778497,-14.495455733134891
-11.014531570213403,-14.403721702967559
-10.983058804063514,-14.30326144165033
-10.951593814462438,-14.202826002015907
-10.922929381693073,-14.111327257839182
-10.894668767217048,-14.023632436886238
-10.863532205249607,-13.927010534918448
-10.80421749011646,-13.742951667275351
-10.745657060776121,-13.566304100329209
-10.68720356156521,-13.389978017633316
-10.629534295357029,-13.220925716333385
-10.571945715221872,-13.0521081246701
-10.51517328399845,-12.890387747320759
-10.458514242114198,-12.728990211217974
-10.40268863683694,-12.574504345703035
-10.346961530780941,-12.420287655110956
-10.292100839091757,-12.272816803628114
-10.2373552506435,-12.125654994665231
-10.183501502235574,-11.985060611874523
-10.129758619112527,-11.84475820657647
-10.07693645447492,-11.710847706850876
-10.024240944886534,-11.577256734062509
-9.972494363370858,-11.449900044065455
-9.920853753594246,-11.32280554915704
-9.870194541127562,-11.201764416771734
-9.819665526995994,-11.081038818080748
-9.770135979842355,-10.966179031371698
-9.720729446194946,-10.85160052731274
-9.672362122785406,-10.742745471393256
-9.624108309357444,-10.634143492702323
-9.576919763139735,-10.531081182594713
-9.529856066013144,-10.428295495332438
-9.483884006614758,-10.33086466693707
-9.438022755351653,-10.233671759662288
-9.39328303974783,-10.1416713515804
-9.348654709980716,-10.049899710669946
-9.305174764489394,-9.96314543946684
-9.261792682928165,-9.87658987967426
-9.219577792057283,-9.794855302106804
-9.177464637699725,-9.713322373359654
-9.136535948022631,-9.636421652509528
-9.095701306521455,-9.5596990698269
-9.016516436236424,-9.415300941535573
-8.93990267306068,-9.27967010688701
-8.865848141354215,-9.152359153576784
-8.794315951978367,-9.03288861437554
-8.725257057726346,-8.920770040687078
-8.658578985774183,-8.815475263193813
-8.594186992845277,-8.716476518009712
-8.533713304132279,-8.625867163606644
-8.44338708090016,-8.494553955532782
-8.385564329691903,-8.413608107062794
-8.326966804135242,-8.331577681784955
-8.27376935323956,-8.25965988962472
-8.217159752965673,-8.183129737565105
-8.134810306252563,-8.07446353228573
-8.047470396871645,-7.959207783984214
-7.96615511275568,-7.850805164323286
-7.878337035251515,-7.733730864374731
-7.781773875688104,-7.598640393692866
-7.710686669419532,-7.494233760351472
-7.639196475626779,-7.383555161013374
-7.565248007053348,-7.26118885864469
-7.489838940087976,-7.125641497323571
-7.414563641818237,-6.975840554291852
-7.341600440891695,-6.811396305237896
-7.273589423809115,-6.632870009118608
-7.243451349191411,-6.5373603804981375
-7.213313274573707,-6.441850751877666
-7.168072010887906,-6.259927619974873
-7.14331840141457,-6.135216457829572
-7.105531593867981,-5.944842847773321
-7.105531601903092,-5.781487222449337
-7.1055316056647815,-5.677102688001671
-7.105531607456102,-5.57644720312604
-7.105531607491919,-5.4341072099303735
-7.105531607527736,-5.291767181797661
-7.105531607563554,-5.149427153664927
-7.105531607599373,-5.007087125532214
-7.105531607635189,-4.864747097399522
-7.105531607671006,-4.722407069266809
-7.1055316077068245,-4.580067041134075
-7.105531607742643,-4.437727013001362
-7.10553160777846,-4.29538698486867
-7.105531607814276,-4.153046956735957
-7.105531607850095,-4.0107069286032235
-7.105531607885911,-3.868366900470531
-7.105531607921728,-3.7260268723378185
-7.105531607957547,-3.5836868442050855
-7.105531607993363,-3.441346816072393
-7.10553160802918,-3.29900678793968
-7.105531608064998,-3.1566667598069467
-7.105531608100815,-3.014326731674254
-7.105531608136632,-2.871986703541541
-7.10553160817245,-2.729646675408808
-7.105531608208267,-2.5873066472761153
-7.105531608244084,-2.4449666191434023
-7.105531608279902,-2.302626591010669
-7.1055316083157205,-2.160286562877956
-7.105531608351537,-2.0179465347452634
-7.105531608387354,-1.8756065066125556
-7.105531608423172,-1.7332664784798122
-7.105531608458991,-1.5909264503470995
-7.1055316084948075,-1.4485864222144171
-7.105531608530624,-1.3062463940817042
-7.10553160857353,-1.1850718500723052
-7.105531608647853,-1.0744800615879881
-7.10553160869611,-0.9691796560529075
-7.105531608781627,-0.8665249405891825
-7.1055316088484854,-0.7651930714338392
-7.1055316089009,-0.6645226249474199
-7.105531608974063,-0.5641828894930389
-7.105531609050335,-0.4640085099050253
-7.105531609104631,-0.36391680829770645
-7.105531609185397,-0.2638664454183286
-7.1055316092421075,-0.16383675210623957
-7.10553160936823,-0.013802546834334739
